r2_orbital = [11, 7, 5, 2]
r3_orbital = [14, 9, 8, 7, 6, 2]
r4_orbital = [29, 24, 20, 14, 12, 10, 9, 4]
r5_orbital = [36, 31, 26, 18, 15, 12, 10, 8, 6, 3]
r6_orbital = [70, 67, 55, 49, 41, 30, 29, 27, 25, 20, 13, 1]
r7_orbital = [67, 63, 59, 55, 47, 42, 40, 39, 34, 33, 29, 23, 19, 10]
r8_orbital = [88, 80, 77, 68, 66, 58, 52, 50, 49, 46, 44, 41, 39, 33, 19, 10]
r9_orbital = [105, 99, 90, 87, 79, 77, 68, 63, 60, 58, 55, 49, 45, 38, 23, 18, 10, 7]

standard_correction = [28, 176, 1280, 6144, 44032, 143360, 884736, 3014656]
FEB = [28.0, 62.0, 178.0, 572.0, 2148.0, 8278.0, 32894.0, 131184.0]
lcu_correction = [519.0, 2340.0, 6288.0, 13101.0, 23607.0, 38448.0, 58554.0, 84531.0]